0 0.0671875 0.2546875 0.11640625 0.103515625
0 0.075 0.475 0.118359375 0.106640625
0 0.078125 0.6796875 0.112109375 0.10390625
0 0.26875 0.2734375 0.102734375 0.10234375
0 0.2703125 0.4640625 0.10234375 0.1
0 0.271875 0.646875 0.100390625 0.09375
0 0.4296875 0.4625 0.087109375 0.09375
0 0.440625 0.6296875 0.09375 0.091015625
0 0.440625 0.2953125 0.08046875 0.07734375
0 0.56875 0.459375 0.084375 0.081640625
0 0.5703125 0.30625 0.08125 0.084375
0 0.571875 0.61875 0.078515625 0.075390625
0 0.690625 0.3265625 0.103125 0.08515625
0 0.6890625 0.5953125 0.094140625 0.06484375
0 0.690625 0.45625 0.08125 0.071484375
0 0.715625 0.7328125 0.05 0.078125
0 0.7921875 0.45625 0.078125 0.075390625
0 0.79375 0.58125 0.074609375 0.0625
0 0.7984375 0.3296875 0.065625 0.072265625
0 0.8703125 0.5765625 0.07734375 0.062890625
0 0.875 0.453125 0.062890625 0.05625
0 0.884375 0.334375 0.069140625 0.056640625
0 0.940625 0.453125 0.069140625 0.058984375
0 0.9484375 0.565625 0.07265625 0.05546875
0 0.9515625 0.3359375 0.075 0.06015625
0 0.9453125 0.6734375 0.058984375 0.050390625
0 0.98515625 0.44609375 0.0296875 0.0578125
0 0.9875 0.6609375 0.01953125 0.047265625
0 0.990625 0.5609375 0.015625 0.047265625