0 0.0703125 0.71875 0.021875 0.040625
0 0.1421875 0.7421875 0.021484375 0.047265625
0 0.146875 0.7 0.021484375 0.03671875
0 0.196875 0.6984375 0.024609375 0.034765625
0 0.1953125 0.7140625 0.01484375 0.033984375
0 0.290625 0.709375 0.027734375 0.03671875
0 0.3015625 0.746875 0.050390625 0.04921875
0 0.309375 0.696875 0.01953125 0.028125
0 0.3765625 0.7765625 0.062109375 0.05234375
0 0.409375 0.7 0.037890625 0.044140625
0 0.440625 0.709375 0.047265625 0.044140625
0 0.45 0.6796875 0.025390625 0.034765625
0 0.515625 0.69375 0.0375 0.04375
0 0.5296875 0.7015625 0.04375 0.041015625
0 0.6296875 0.684375 0.04609375 0.034765625
0 0.709375 0.5453125 0.05 0.04375
0 0.81875 0.7765625 0.05 0.055859375